42.3448404701488
100
100
0
0
44.841560463845
53.4411885104763
100
47.9995393037259
62.0197188383204
78.3584132227462
100
61.5598938059148
33.8166679765129
100
0
0
41.7130832556738
74.4648748527277
48.4626205289728
79.8259147646135
79.9661945721831
100
72.430110989927
100
46.794622944033
76.6881025165045
0
59.6985541654654
73.6957709755024
38.7847879193881
59.3015505540217
79.6180435716079
0
58.2608987008321
100
35.7742186250233
0
48.4676757766432
100
52.8588903007362
100
39.7520580496852
65.4894714269798
54.1212942846377
68.5330097200401
73.1561562916488
74.9150618865473
40.9890465362288
59.061865465815
58.4632572084535
35.9435850821445
69.5910819113733
68.4568640990425
33.8513801477434
100
65.9854413241934
34.1341741336791
43.8611138751159
79.009643914942
100
100
69.7273897016336
67.9762986567222
58.8379381012716
63.6458677423076
100
0
100
100
53.1251826936553
63.2714657573939
60.7515777004615
47.9306274995309
73.6491945870264
56.1831728151418
54.8143218043213
55.598404678215
54.4632960574497
30.4337769497032
100
61.3847527087451
58.5663109840165
77.5509699173111
71.4016464153167
0
63.3100150941549
47.6511527961751
33.2665236291413
59.6182758348567
59.9838652281605
0
65.1633329722881
52.5792912296667
41.7768933933428
100
31.3694532204396
100
100
67.9376611101919
