58.0641509242148
57.4327288275243
62.8476549181346
60.3506960961832
63.9857012380194
54.4971758849593
62.0269159901053
61.3862213236142
57.1334297406936
55.4871663682225
55.7717375961715
53.4230944198349
50.017169334968
49.153271600986
50.3204501768592
47.0755613669408
54.7317111722467
63.9382306175427
57.45362557274
59.3786941247228
53.4576936354797
56.527566146154
54.3311583188425
58.0979727628009
59.7706497792528
62.1398025618742
50.8798283362473
54.4695401536631
54.113610602097
49.208271717604
50.8200587271122
60.3746365023318
49.3774043392958
63.6669389393221
62.3501542099423
58.5098426852542
55.5968059767667
61.1105867464254
54.160980174091
56.5400008640722
48.902962231261
49.5243207867826
58.8661590457123
55.0634824156912
51.5738867654777
54.8621293004542
52.5170636798426
56.6929922285235
53.7995096950895
55.5502226751692
51.7670927095665
52.631539007051
50.5768576590749
50.0856296587383
58.9945161467321
50.4668770760248
54.3473217895569
58.4721421320001
59.2864222668399
55.108672674463
56.6221660665988
51.3520466921416
51.0514708594639
44.7242442694877
51.4523223683644
57.8174250331433
51.2900967688288
55.530867734376
66.3951972914063
50.0888073186625
44.6781428868733
50.8446410822455
58.3193546073861
50.0895386777971
53.4000252672101
61.2685624896337
57.8485992083966
54.5603657111198
49.3360347512139
51.570543826135
58.5626028771718
54.9883947011141
56.0090025468956
49.7093870648488
64.8955519275462
51.5478931321932
55.0877008243444
59.1414063278494
54.4132107339084
59.124032684988
57.4094746905837
50.41925547125
53.3560971929471
52.3344969342584
53.5522136637537
57.1150573624766
53.8757814703231
52.1750640438255
58.7112161607425
58.6825149474117
